0.000000000000000000e+00 0.000000000000000000e+00
1.073878929018974304e-01 2.852226048707962036e-02
9.263824671506881714e-02 -2.019922584295272827e-01
-3.222488760948181152e-01 -8.524538576602935791e-02
-3.495118021965026855e-01 2.745402753353118896e-01
-5.210058689117431641e-01 1.928596645593643188e-01
5.045865178108215332e-01 4.357027709484100342e-01
7.688240408897399902e-01 1.176771447062492371e-01
4.926939308643341064e-01 -7.398487329483032227e-01
-7.036499381065368652e-01 -7.105468511581420898e-01
-0.000000000000000000e+00 -0.000000000000000000e+00
-7.394106686115264893e-02 8.293610811233520508e-02
8.080541156232357025e-03 2.220752537250518799e-01
2.454816699028015137e-01 2.254991382360458374e-01
3.836473822593688965e-01 -2.243781387805938721e-01
-8.016093634068965912e-03 -5.554977059364318848e-01
-6.606056690216064453e-01 8.969160914421081543e-02
-7.174547910690307617e-01 3.003280162811279297e-01
1.729927510023117065e-01 8.718927502632141113e-01
6.619341373443603516e-01 7.495619654655456543e-01
-0.000000000000000000e+00 0.000000000000000000e+00
5.838184431195259094e-02 -9.453697502613067627e-02
-1.368253380060195923e-01 -1.751043796539306641e-01
-2.751694321632385254e-01 -1.881299912929534912e-01
1.919484287500381470e-01 4.008574187755584717e-01
-1.664948761463165283e-01 5.300202369689941406e-01
6.666014194488525391e-01 9.327448904514312744e-03
4.328209161758422852e-01 -6.462231278419494629e-01
-8.729175329208374023e-01 -1.677451431751251221e-01
-6.297622919082641602e-01 7.767879366874694824e-01
-0.000000000000000000e+00 0.000000000000000000e+00
-1.283066347241401672e-02 1.103678047657012939e-01
7.878266274929046631e-02 2.077883780002593994e-01
2.666093111038208008e-01 2.000764310359954834e-01
1.258247941732406616e-01 -4.262616336345672607e-01
-4.889808595180511475e-01 -2.637037932872772217e-01
-2.701956629753112793e-01 6.094577312469482422e-01
4.889740645885467529e-01 6.048492789268493652e-01
7.461020946502685547e-01 4.831719696521759033e-01
8.370428085327148438e-01 -5.471373796463012695e-01
0.000000000000000000e+00 -0.000000000000000000e+00
4.728662967681884766e-02 -1.005467772483825684e-01
-1.120304837822914124e-01 -1.919163614511489868e-01
1.068859323859214783e-01 3.157317042350769043e-01
9.148409217596054077e-02 4.349270462989807129e-01
5.425773262977600098e-01 1.193810924887657166e-01
5.891057252883911133e-01 -3.120879232883453369e-01
-6.717932820320129395e-01 -3.919592797756195068e-01
-7.271748781204223633e-01 -5.112143754959106445e-01
-3.633420467376708984e-01 9.316558241844177246e-01
